$ 1 0.000049999999999999996 10.20027730826997 50 5 50 5e-11
R 432 224 432 208 0 0 40 15 0 0 0.5
r 432 240 432 288 0 10000
s 432 352 432 304 0 1 true
r 432 368 432 416 0 47000
w 432 224 432 240 0
w 432 288 432 304 0
w 432 352 432 368 0
w 432 416 432 432 0
w 432 432 416 432 0
w 432 432 432 448 0
w 432 432 448 432 0
d 432 496 432 448 2 default
g 432 512 432 528 0 0
w 432 512 432 496 0
r 416 432 368 432 0 1000000
w 368 432 352 432 0
w 352 432 352 448 0
r 352 448 352 496 0 1200000
g 352 512 352 528 0 0
w 352 512 352 496 0
w 352 432 336 432 0
t 448 432 480 432 2 1 -0.6261476046718015 -0.01333640245140074 100 default
w 480 448 480 464 0
w 480 464 528 464 0
w 528 464 528 480 0
w 528 464 576 464 0
w 576 464 576 448 0
t 544 432 576 432 2 1 0.5837717467878345 0.6128112022204008 100 default
r 528 480 528 528 0 10
g 528 544 528 560 0 0
w 528 544 528 528 0
w 480 416 480 400 0
w 480 400 528 400 0
w 528 400 528 432 0
w 528 432 544 432 0
w 480 400 480 384 0
w 576 416 576 400 0
w 576 400 640 400 0
w 576 400 576 384 0
r 480 384 480 336 0 22000
r 576 384 576 336 0 22000
R 480 320 480 304 0 0 40 15 0 0 0.5
R 576 320 576 304 0 0 40 15 0 0 0.5
w 480 320 480 336 0
w 576 320 576 336 0
w 640 400 640 208 0
w 640 400 640 544 0
w 640 400 656 400 0
c 656 400 688 400 0 1e-8 0.042375696341194785 0.001
w 688 400 704 400 0
w 704 400 704 416 0
r 704 416 704 464 0 22000
g 704 480 704 496 0 0
w 704 480 704 464 0
w 704 400 720 400 0
t 720 400 752 400 2 1 -14.999999005610778 3.2998923271083537e-7 100 default
g 752 432 752 448 0 0
w 752 432 752 416 0
w 752 384 752 368 0
w 752 368 896 368 0
w 752 368 752 352 0
r 752 352 752 304 0 22000
R 752 288 752 272 0 0 40 15 0 0 0.5
w 752 288 752 304 0
165 896 272 928 272 2 1.4911370718606669e-7
c 960 448 960 480 0 1e-8 10 0.001
g 960 496 960 512 0 0
w 960 496 960 480 0
w 960 448 960 432 0
R 960 224 960 208 0 0 40 15 0 0 0.5
w 960 224 960 240 0
w 640 208 656 208 0
r 656 208 704 208 0 1000000
f 768 208 800 208 32 1.5 0.02
w 768 208 704 208 0
w 800 224 800 304 0
w 800 304 896 304 0
w 640 544 1040 544 0
w 1040 544 1040 304 0
w 1040 304 1024 304 0
w 1024 336 1136 336 0
174 1136 336 1184 304 1 100000 0.005 ATTACK
w 1168 304 1168 288 0
w 1168 288 1232 288 0
w 1232 288 1232 432 0
w 1232 288 1280 288 0
r 1280 288 1328 288 0 680
w 1328 288 1344 288 0
w 1344 288 1344 304 0
w 1344 304 1360 304 0
w 1344 304 1344 320 0
w 1328 320 1344 320 0
r 1328 320 1280 320 0 120
w 1280 320 1264 320 0
w 1264 320 1264 352 0
S 1264 352 1264 416 0 0 false 1 2
w 1232 432 1248 432 0
w 1248 432 1248 416 0
d 1360 304 1408 304 2 default
174 928 128 960 80 1 10000 0.7079000000000001 SUSTAIN
w 800 192 928 192 0
w 928 192 928 128 0
r 928 48 928 0 0 4700
R 928 -16 928 -32 0 0 40 15 0 0 0.5
w 928 -16 928 0 0
w 928 48 928 64 0
a 992 80 1072 80 8 15 -15 1000000 14.997400728000883 14.997550702008162 100000
w 960 96 992 96 0
w 992 64 976 64 0
w 976 64 976 16 0
w 976 16 1088 16 0
w 1088 16 1088 80 0
w 1088 80 1072 80 0
d 1136 80 1104 80 2 default
w 1104 80 1088 80 0
174 1136 80 1184 48 1 100000 0.005 DECAY
w 1168 48 1168 32 0
w 1168 32 1184 32 0
r 1184 32 1232 32 0 100
w 1232 32 1424 32 0
w 1424 32 1424 304 0
w 1424 304 1408 304 0
w 1424 304 1424 496 0
w 1424 496 1408 496 0
r 1408 496 1360 496 0 100
174 1264 544 1312 512 1 100000 0.005 RELEASE
w 1360 496 1296 496 0
w 1296 496 1296 512 0
d 1232 544 1184 544 2 default
w 1264 544 1232 544 0
w 1184 544 1040 544 0
S 1424 544 1424 608 0 0 false 1 2
c 1392 640 1392 672 0 0.00009999999999999999 0.08998647469047277 0.001
c 1456 640 1456 672 0 0.000009999999999999999 0.1056355862477323 0.001
w 1408 608 1408 624 0
w 1408 624 1392 624 0
w 1392 624 1392 640 0
w 1440 608 1440 624 0
w 1440 624 1456 624 0
w 1456 624 1456 640 0
g 1392 688 1392 704 0 0
g 1456 688 1456 704 0 0
w 1456 688 1456 672 0
w 1392 688 1392 672 0
w 1424 544 1424 496 0
w 1424 496 1552 496 0
a 1552 480 1632 480 8 15 -15 1000000 0.10563452990243327 0.1056355862477323 100000
w 1552 464 1536 464 0
w 1536 464 1536 416 0
w 1536 416 1648 416 0
w 1648 416 1648 480 0
w 1648 480 1632 480 0
r 1664 480 1712 480 0 1000
w 1664 480 1648 480 0
207 1728 480 1776 480 4 ADSR\sOUT
w 1728 480 1712 480 0
r 1648 400 1648 352 0 100000
a 1696 304 1776 304 8 15 -15 1000000 -0.00009894101627387502 0 100000
g 1680 336 1680 352 0 0
w 1696 320 1680 320 0
w 1680 320 1680 336 0
w 1648 400 1648 416 0
w 1696 288 1680 288 0
w 1680 288 1680 240 0
w 1680 240 1696 240 0
r 1696 240 1776 240 0 100000
w 1776 240 1792 240 0
w 1792 240 1792 304 0
w 1792 304 1776 304 0
w 1680 288 1648 288 0
w 1648 288 1648 352 0
w 1648 288 1648 272 0
r 1648 272 1648 224 0 150000
R 1648 208 1648 192 0 0 40 -15 0 0 0.5
w 1648 208 1648 224 0
r 1808 304 1856 304 0 1000
w 1808 304 1792 304 0
207 1872 304 1904 304 4 INV\sOUT
w 1872 304 1856 304 0
w 1648 480 1648 768 0
w 1648 768 880 768 0
w 880 768 880 400 0
w 896 400 880 400 0
r 1664 768 1712 768 0 1000
w 1664 768 1648 768 0
a 1744 784 1824 784 8 15 -15 1000000 0.000013447759551000124 0 100000
w 1712 768 1728 768 0
w 1728 768 1728 720 0
w 1728 768 1744 768 0
w 1728 720 1744 720 0
w 1824 784 1840 784 0
w 1840 784 1840 720 0
w 1840 720 1824 720 0
d 1824 720 1744 720 2 default
g 1728 816 1728 832 0 0
w 1744 800 1728 800 0
w 1728 800 1728 816 0
162 1872 736 1872 768 2 default-led 1 0 0 0.01
w 1872 768 1872 784 0
w 1872 784 1840 784 0
w 1872 736 1872 688 0
R 336 432 304 432 0 2 0.1 4 4 0 0.25
w 1872 688 1728 688 0
w 1728 688 1728 720 0
o 154 64 0 12290 10.018864945771266 0.0001 0 2 154 3
o 201 64 0 12290 0.0001 0.0001 0 2 201 3
o 37 64 0 4098 20 0.00009765625 0 2 37 3
