$ 1 0.000005 10.20027730826997 50 5 50 5e-11
s 256 160 256 112 0 1 true
R 256 80 256 64 0 0 40 12 0 0 0.5
w 256 80 256 96 0
w 256 96 288 96 0
w 256 96 256 112 0
w 288 96 288 112 0
c 288 112 288 160 0 1.0000000000000001e-7 11.999999999999975 0.001
w 256 160 256 176 0
w 256 176 288 176 0
w 288 160 288 176 0
w 256 176 256 192 0
r 256 192 256 240 0 1000
g 256 256 256 272 0 0
w 256 256 256 240 0
R 256 320 224 320 0 2 20 4 4 0 0.5
S 400 192 352 192 0 0 false 0 2
w 256 320 288 320 0
w 288 320 288 208 0
w 288 208 352 208 0
w 288 176 352 176 0
w 400 192 416 192 0
w 416 192 416 208 0
w 416 192 432 192 0
r 416 208 416 256 0 1000000
r 432 192 480 192 0 1200000
g 416 272 416 288 0 0
w 416 256 416 272 0
d 496 256 496 208 2 default
w 480 192 496 192 0
w 496 192 496 208 0
g 496 272 496 288 0 0
w 496 256 496 272 0
t 512 192 544 192 0 1 0.4028792456656128 0.5792991303961412 100 default
w 544 208 544 224 0
w 544 224 592 224 0
w 592 224 592 240 0
w 592 224 640 224 0
w 640 224 640 208 0
t 608 192 640 192 0 1 -3.6092110882782196 0.17641988473052844 100 default
w 608 192 592 192 0
w 592 192 592 160 0
w 592 160 544 160 0
w 544 160 544 176 0
w 544 160 544 144 0
w 640 176 640 160 0
w 640 160 656 160 0
w 640 160 640 144 0
r 544 144 544 96 0 22000
r 640 144 640 96 0 22000
R 544 80 544 64 0 0 40 12 0 0 0.5
R 640 80 640 64 0 0 40 12 0 0 0.5
w 544 80 544 96 0
w 640 80 640 96 0
r 592 240 592 288 0 220
g 592 304 592 320 0 0
w 592 304 592 288 0
w 512 192 496 192 0
207 656 160 688 160 4 Ping
207 240 528 208 528 4 Ping
r 256 528 304 528 0 100000
c 320 528 368 528 0 1e-8 3.8946850813848 0.001
r 384 544 384 592 0 220000
t 400 528 432 528 1 1 -11.478527997479286 -0.09755814119453163 100 default
g 384 608 384 624 0 0
w 240 528 256 528 0
w 304 528 320 528 0
w 368 528 384 528 0
w 384 528 384 544 0
w 384 528 400 528 0
w 384 592 384 608 0
t 528 528 496 528 0 1 0.5064221290194784 0.6103742864623551 100 default
w 496 512 496 496 0
w 496 496 528 496 0
r 528 496 576 496 0 220000
w 576 496 608 496 0
w 608 496 608 528 0
w 608 528 688 528 0
w 560 528 592 528 0
w 592 528 592 512 0
w 592 512 624 512 0
w 624 512 624 496 0
w 624 496 656 496 0
r 656 496 704 496 0 220000
t 688 528 720 528 0 1 -11.39844426192748 0.10395467484838904 100 default
w 704 496 720 496 0
w 720 496 720 512 0
w 496 496 496 480 0
w 720 496 720 480 0
r 496 480 496 432 0 10000
r 720 480 720 432 0 10000
R 496 416 496 400 0 0 40 12 0 0 0.5
w 496 416 496 432 0
R 720 416 720 400 0 0 40 12 0 0 0.5
w 720 416 720 432 0
w 496 544 496 560 0
w 496 560 608 560 0
w 720 544 720 560 0
w 608 560 608 576 0
w 608 560 720 560 0
g 608 576 608 592 0 0
w 560 528 528 528 0
w 560 528 560 592 0
c 560 592 560 640 0 1e-8 -10.874547956883271 0.001
r 544 656 496 656 0 10000
w 544 656 560 656 0
w 560 640 560 656 0
w 720 496 752 496 0
w 752 496 752 512 0
r 752 512 752 560 0 220000
w 752 560 752 656 0
w 752 656 560 656 0
w 496 496 432 496 0
w 432 496 432 512 0
w 496 656 432 656 0
w 432 656 432 544 0
207 432 480 432 448 4 /Q
w 432 480 432 496 0
w 752 496 768 496 0
207 768 496 800 496 4 Q
207 880 160 848 160 4 Q
d 928 160 896 160 2 default
w 896 160 880 160 0
w 928 160 944 160 0
w 944 160 944 144 0
r 944 144 944 96 0 22000
R 944 80 944 64 0 0 40 12 0 0 0.5
w 944 80 944 96 0
w 944 160 960 160 0
r 960 160 1008 160 0 4700
r 1024 176 1024 224 0 220000
g 1024 240 1024 256 0 0
t 1040 160 1072 160 0 1 -4.401810221496745 0.6619985683708567 100 default
w 1008 160 1024 160 0
w 1024 160 1024 176 0
w 1024 160 1040 160 0
w 1024 224 1024 240 0
R 1072 128 1072 112 0 0 40 12 0 0 0.5
w 1072 128 1072 144 0
w 1072 176 1072 192 0
162 1072 192 1072 224 2 default-led 1 0 0 0.01
g 1072 320 1072 336 0 0
w 1072 240 1072 256 0
w 1072 304 1072 320 0
w 1072 224 1072 240 0
w 1072 240 1088 240 0
r 1088 240 1136 240 0 1000
207 1152 240 1184 240 4 Q\sOut
w 1136 240 1152 240 0
w 1504 240 1520 240 0
207 1520 240 1552 240 4 /Q\sOut
r 1456 240 1504 240 0 1000
w 1440 240 1456 240 0
w 1440 224 1440 240 0
w 1440 304 1440 320 0
w 1440 240 1440 256 0
g 1440 320 1440 336 0 0
162 1440 192 1440 224 2 default-led 1 0 0 0.01
w 1440 176 1440 192 0
w 1440 128 1440 144 0
R 1440 128 1440 112 0 0 40 12 0 0 0.5
w 1392 224 1392 240 0
w 1392 160 1408 160 0
w 1392 160 1392 176 0
w 1376 160 1392 160 0
t 1408 160 1440 160 0 1 -11.492183352392152 0.24496105601916912 100 default
g 1392 240 1392 256 0 0
r 1392 176 1392 224 0 220000
r 1328 160 1376 160 0 4700
w 1312 160 1328 160 0
w 1312 80 1312 96 0
R 1312 80 1312 64 0 0 40 12 0 0 0.5
r 1312 144 1312 96 0 22000
w 1312 160 1312 144 0
w 1296 160 1312 160 0
w 1264 160 1248 160 0
d 1296 160 1264 160 2 default
207 1248 160 1216 160 4 /Q
w 1872 240 1888 240 0
207 1888 240 1920 240 4 Gate\sOut
r 1824 240 1872 240 0 1000
w 1808 240 1824 240 0
w 1808 224 1808 240 0
w 1808 304 1808 320 0
w 1808 240 1808 256 0
g 1808 320 1808 336 0 0
162 1808 192 1808 224 2 default-led 1 0 0 0.01
w 1808 176 1808 192 0
w 1808 128 1808 144 0
R 1808 128 1808 112 0 0 40 12 0 0 0.5
w 1760 224 1760 240 0
w 1760 160 1776 160 0
w 1760 160 1760 176 0
w 1744 160 1760 160 0
t 1776 160 1808 160 0 1 -7.794456277172381 0.3710217408266332 100 default
g 1760 240 1760 256 0 0
r 1760 176 1760 224 0 220000
r 1696 160 1744 160 0 4700
w 1680 160 1696 160 0
w 1680 80 1680 96 0
R 1680 80 1680 64 0 0 40 12 0 0 0.5
r 1680 144 1680 96 0 22000
w 1680 160 1680 144 0
w 1664 160 1680 160 0
w 1632 160 1616 160 0
d 1664 160 1632 160 2 default
207 1616 160 1584 160 4 Ping
207 1120 528 1088 528 4 Ping
d 1280 496 1248 496 2 default
w 1248 496 1232 496 0
w 1280 496 1296 496 0
w 1296 496 1296 480 0
r 1296 480 1296 432 0 22000
R 1296 416 1296 400 0 0 40 12 0 0 0.5
w 1296 416 1296 432 0
w 1296 496 1312 496 0
r 1312 496 1360 496 0 4700
r 1376 512 1376 560 0 220000
g 1376 576 1376 592 0 0
t 1392 496 1424 496 0 1 -11.561314149082211 0.22914610971182692 100 default
w 1360 496 1376 496 0
w 1376 496 1376 512 0
w 1376 496 1392 496 0
w 1376 560 1376 576 0
R 1424 464 1424 448 0 0 40 12 0 0 0.5
w 1424 464 1424 480 0
w 1424 512 1424 528 0
162 1424 528 1424 560 2 default-led 1 0 0 0.01
g 1424 656 1424 672 0 0
w 1424 576 1424 592 0
w 1424 640 1424 656 0
w 1424 560 1424 576 0
w 1424 576 1440 576 0
r 1440 576 1488 576 0 1000
207 1504 576 1536 576 4 /Gate\sOut
w 1488 576 1504 576 0
r 1136 528 1184 528 0 4700
t 1200 528 1232 528 0 1 0.585393547276681 0.6183884658982027 100 default
w 1232 496 1232 512 0
w 1200 528 1184 528 0
w 1136 528 1120 528 0
w 1232 496 1232 480 0
r 1232 480 1232 432 0 22000
R 1232 416 1232 400 0 0 40 12 0 0 0.5
w 1232 416 1232 432 0
g 1232 560 1232 576 0 0
w 1232 544 1232 560 0
207 1744 528 1712 528 4 Ping
c 1760 528 1808 528 0 1e-9 2.855614858535944 0.001
r 1824 544 1824 592 0 10000
g 1824 608 1824 624 0 0
w 1808 528 1824 528 0
w 1824 528 1824 544 0
w 1824 592 1824 608 0
t 1840 528 1872 528 0 1 -10.951630547929309 0.5759213642208956 100 default
R 1872 496 1872 480 0 0 40 12 0 0 0.5
w 1872 496 1872 512 0
w 1840 528 1824 528 0
w 1872 544 1872 560 0
w 1872 560 1904 560 0
w 1872 560 1872 576 0
r 1872 576 1872 624 0 1000
g 1872 640 1872 656 0 0
w 1872 624 1872 640 0
w 2096 560 2112 560 0
r 2128 560 2176 560 0 4700
g 2192 640 2192 656 0 0
w 2128 560 2112 560 0
w 2176 560 2192 560 0
w 2192 560 2192 576 0
w 2192 624 2192 640 0
w 2304 640 2320 640 0
207 2320 640 2352 640 4 Trigger\sOut
r 2256 640 2304 640 0 1000
w 2240 640 2256 640 0
w 2240 624 2240 640 0
w 2240 704 2240 720 0
w 2240 640 2240 656 0
g 2240 720 2240 736 0 0
162 2240 592 2240 624 2 default-led 1 0 0 0.01
w 2240 576 2240 592 0
w 2240 528 2240 544 0
R 2240 528 2240 512 0 0 40 12 0 0 0.5
t 2208 560 2240 560 0 1 -11.962290164574645 0.025782273949911623 100 default
w 2208 560 2192 560 2
34 zener-5.1 0 1.7143528192810002e-7 0 2 5.1 0
z 1072 304 1072 256 2 zener-5.1
z 1440 304 1440 256 2 zener-5.1
z 1808 304 1808 256 2 zener-5.1
z 1424 640 1424 592 2 zener-5.1
z 2240 704 2240 656 2 zener-5.1
r 2192 576 2192 624 0 220000
w 1952 560 1984 560 0
w 1984 560 2096 560 0
w 1744 528 1760 528 0
w 1824 528 1824 512 0
r 1824 512 1824 464 0 100000
R 1824 448 1824 432 0 0 40 12 0 0 0.5
w 1824 448 1824 464 0
d 1952 560 1904 560 2 default
o 146 64 0 12290 5.318566162784467 0.0001 0 2 146 3
o 149 64 0 12290 5.31856615759807 0.0001 0 2 149 3
o 178 64 0 12290 5.318591731565903 0.0001 0 2 178 3
o 233 64 0 12290 5.318566106584969 0.0001 0 2 233 3
o 271 64 0 12290 5.318711544077814 0.0001 0 2 271 3
