$ 1 0.000049999999999999996 10.20027730826997 50 5 50 5e-11
g 144 288 144 304 0 0
r 144 272 144 224 0 47
174 144 144 176 192 1 100000 0.005 Frequency
r 192 176 240 176 0 68000
w 192 176 176 176 0
w 144 208 144 224 0
w 144 272 144 288 0
r 256 224 256 272 0 68000
g 256 288 256 304 0 0
w 256 288 256 272 0
w 272 208 256 208 0
w 256 208 256 224 0
w 240 176 256 176 0
w 256 176 256 112 0
w 256 176 272 176 0
w 256 112 272 112 0
c 272 112 368 112 0 0.000009999999999999999 1.3739938424116127 0.001
w 368 112 384 112 0
w 384 112 384 192 0
w 384 192 368 192 0
w 384 192 400 192 0
r 400 192 448 192 0 100000
g 480 160 464 160 0 0
w 480 192 464 192 0
w 464 192 464 208 0
w 448 192 464 192 0
r 464 208 464 256 0 100000
w 144 144 144 64 0
w 144 64 592 64 0
w 592 64 592 176 0
w 592 176 576 176 0
w 592 176 592 192 0
r 592 192 592 240 0 3900
174 592 256 560 320 1 1000 0.08420000000000001 Trim
w 592 256 592 240 0
r 592 336 592 384 0 2000
g 592 400 592 416 0 0
w 592 320 592 336 0
w 592 384 592 400 0
w 560 288 464 288 0
w 464 256 464 288 0
t 416 704 448 704 0 1 -3.666248403155329 -5.040228744997452 100 default
g 448 736 448 752 0 0
w 448 736 448 720 0
w 448 688 448 672 0
w 448 672 464 672 0
w 448 672 432 672 0
r 432 672 384 672 0 100000
w 464 640 448 640 0
w 448 640 448 576 0
w 448 640 432 640 0
r 432 640 384 640 0 100000
w 384 672 368 672 0
w 368 672 368 640 0
w 368 640 384 640 0
w 384 192 384 240 0
w 384 240 368 240 0
w 368 240 368 496 0
w 448 576 464 576 0
r 464 576 560 576 0 100000
w 560 576 576 576 0
w 576 576 576 656 0
w 576 656 560 656 0
r 592 656 640 656 0 240
w 592 656 576 656 0
w 464 288 336 288 0
w 336 288 336 704 0
r 400 704 352 704 0 10000
w 352 704 336 704 0
w 400 704 416 704 0
207 656 656 688 656 4 Saw\sUp
w 656 656 640 656 0
r 384 496 432 496 0 240
w 384 496 368 496 0
207 448 496 480 496 4 Triangle
w 432 496 448 496 0
w 368 496 368 640 0
w 576 656 576 816 0
w 576 816 592 816 0
r 592 816 640 816 0 10000
w 640 816 656 816 0
w 656 816 656 752 0
w 656 752 672 752 0
w 656 816 672 816 0
g 656 864 656 880 0 0
w 672 848 656 848 0
w 656 848 656 864 0
r 672 752 768 752 0 10000
w 768 752 784 752 0
w 784 752 784 832 0
w 784 832 768 832 0
w 784 832 800 832 0
r 800 832 848 832 0 240
207 864 832 896 832 4 Saw\sDown
w 864 832 848 832 0
w 576 944 560 944 0
w 464 960 336 960 0
w 336 960 336 704 0
w 464 928 448 928 0
w 448 928 448 880 0
w 448 880 576 880 0
w 576 880 576 944 0
w 576 944 592 944 0
r 592 944 656 944 0 240
207 672 944 704 944 4 Square
w 672 944 656 944 0
w 368 496 288 496 0
w 208 496 224 496 0
g 224 544 224 560 0 0
w 208 528 224 528 0
w 224 528 224 544 0
162 208 432 112 432 2 default-led 1 0 0 0.01
162 112 400 208 400 2 default-led 1 0 0 0.01
w 208 400 224 400 0
w 224 400 224 432 0
w 224 432 208 432 0
w 224 432 224 496 0
w 112 400 96 400 0
w 96 400 96 432 0
w 96 432 112 432 0
w 96 432 96 512 0
w 96 512 112 512 0
w 224 496 240 496 0
r 240 496 288 496 0 2700
a 272 192 368 192 8 12 -12 1000000 0.000013739801026105867 0 100000
a 480 176 576 176 8 12 -12 1000000 0 -3.207104442892391 100000
a 464 656 560 656 8 12 -12 1000000 -1.373966602311103 -1.373980341842123 100000
a 672 832 768 832 8 12 -12 1000000 -0.000013739256234991492 0 100000
a 464 944 560 944 8 12 -12 1000000 -5.040178381390381 -5.040228783174195 100000
a 208 512 112 512 8 12 -12 1000000 -0.000014966424265040687 0 100000
o 74 64 0 12546 4.987614412295438 0.0001 0 2 74 3
o 70 64 0 12546 4.987511649616187 0.0001 0 2 70 3
o 93 64 0 12546 4.98741190137816 0.0001 0 2 93 3
o 104 64 0 12546 5.06730581950568 0.0001 0 2 104 3
